Windows PowerShell
Copyright (C) Microsoft Corporation. All rights reserved.

Try the new cross-platform PowerShell https://aka.ms/pscore6

PS C:\Users\Zahin\Documents\L-4 T-2\CSE 472 Machine Learning\Offline 1> & C:/Users/Zahin/Anaconda3/python.exe "c:/Users/Zahin/Documents/L-4 T-2/CSE 472 Machine Learning/Offline 1/Preprocessor_telco.py"
73
=================================================================================
74
[-1, 0, 1, 2, 3, 4, 5, 6, 7, 8, 9, 10, 11, 12, 13, 14, 15, 16, 17, 18, 19, 20, 21, 22, 23, 24, 25, 26, 27, 28, 29, 30, 31, 32, 33, 34, 35, 36, 37, 38, 39, 40, 41, 42, 43, 44, 45, 46, 47, 48, 49, 50, 51, 52, 53, 54, 55, 56, 57, 58, 59, 60, 61, 62, 63, 64, 65, 66, 67, 68, 69, 70, 71, 72]
FINAL SPLIT:  18
1585
=================================================================================
1586
[18, 19, 20, 21, 22, 23, 24, 25, 26, 27, 28, 29, 30, 31, 32, 33, 34, 35, 36, 37, 38, 39, 40, 41, 42, 43, 44, 45, 46, 47, 
48, 49, 50, 51, 52, 53, 54, 55, 56, 57, 58, 59, 60, 61, 62, 63, 64, 65, 66, 67, 68, 69, 70, 71, 72, 73, 74, 75, 76, 77, 78, 79, 80, 81, 82, 83, 84, 85, 86, 87, 88, 89, 90, 91, 92, 93, 94, 95, 96, 97, 98, 99, 100, 101, 102, 103, 104, 105, 106, 107, 108, 109, 110, 111, 112, 113, 114, 115, 116, 117, 118]
FINAL SPLIT:  27
6531
=================================================================================
6532
[18, 19, 20, 21, 22, 23, 24, 25, 26, 27, 28, 29, 30, 31, 32, 33, 34, 35, 36, 37, 38, 39, 40, 41, 42, 43, 44, 45, 46, 47, 
48, 49, 50, 51, 52, 53, 54, 55, 56, 57, 58, 59, 60, 61, 62, 63, 64, 65, 66, 67, 68, 69, 70, 71, 72, 73, 74, 75, 76, 77, 78, 79, 80, 81, 82, 83, 84, 85, 86, 87, 88, 89, 90, 91, 92, 93, 94, 95, 96, 97, 98, 99, 100, 101, 102, 103, 104, 105, 106, 107, 108, 109, 110, 111, 112, 113, 114, 115, 116, 117, 118, 119, 120, 121, 122, 123, 124, 125, 126, 127, 128, 129, 130, 
131, 132, 133, 134, 135, 136, 137, 138, 139, 140, 141, 142, 143, 144, 145, 146, 147, 148, 149, 150, 151, 152, 153, 154, 155, 156, 157, 158, 159, 160, 161, 162, 163, 164, 165, 166, 167, 168, 169, 170, 171, 172, 173, 174, 175, 176, 177, 178, 179, 180, 181, 182, 183, 184, 185, 186, 187, 188, 189, 190, 191, 192, 193, 194, 195, 196, 197, 198, 199, 200, 201, 202, 203, 204, 205, 206, 207, 208, 209, 210, 211, 212, 213, 214, 215, 216, 217, 218, 219, 220, 221, 222, 223, 224, 225, 226, 227, 228, 229, 230, 231, 232, 233, 234, 235, 236, 237, 238, 239, 240, 241, 242, 243, 244, 245, 246, 247, 248, 249, 250, 251, 
252, 253, 254, 255, 256, 257, 258, 259, 260, 261, 262, 263, 264, 265, 266, 267, 268, 269, 270, 271, 272, 273, 274, 275, 276, 277, 278, 279, 280, 282, 283, 284, 285, 286, 287, 288, 289, 290, 291, 292, 293, 294, 295, 296, 297, 298, 299, 300, 301, 302, 303, 304, 305, 306, 307, 308, 309, 310, 311, 312, 313, 314, 315, 316, 317, 318, 319, 320, 321, 322, 323, 324, 325, 326, 327, 328, 329, 330, 331, 332, 333, 334, 335, 336, 337, 338, 339, 340, 341, 342, 343, 344, 345, 346, 347, 348, 349, 350, 351, 352, 353, 354, 355, 356, 357, 358, 359, 360, 361, 362, 363, 364, 365, 366, 367, 368, 369, 370, 371, 372, 373, 
374, 375, 376, 377, 378, 379, 381, 382, 383, 384, 385, 386, 387, 388, 389, 390, 391, 392, 393, 394, 395, 396, 397, 398, 399, 400, 401, 402, 403, 404, 405, 406, 407, 408, 409, 410, 411, 412, 413, 414, 415, 416, 417, 418, 419, 420, 421, 422, 423, 424, 425, 426, 427, 428, 429, 430, 431, 432, 433, 434, 435, 436, 437, 438, 439, 441, 442, 443, 444, 445, 446, 447, 448, 449, 450, 451, 452, 453, 454, 455, 456, 457, 458, 459, 460, 461, 462, 463, 464, 465, 466, 467, 468, 469, 470, 471, 472, 473, 474, 475, 476, 477, 478, 479, 480, 481, 482, 483, 484, 485, 486, 487, 488, 489, 490, 491, 492, 493, 494, 495, 496, 
497, 498, 499, 500, 501, 502, 503, 504, 505, 506, 507, 508, 510, 511, 512, 513, 514, 515, 516, 517, 518, 519, 520, 521, 522, 523, 524, 525, 526, 527, 528, 529, 530, 531, 532, 533, 534, 535, 536, 537, 538, 539, 540, 541, 542, 543, 544, 545, 546, 547, 548, 549, 550, 551, 552, 553, 554, 555, 557, 559, 560, 561, 562, 563, 564, 565, 566, 567, 568, 569, 571, 572, 573, 574, 576, 577, 578, 579, 580, 581, 582, 583, 584, 586, 587, 588, 589, 591, 592, 593, 594, 595, 596, 597, 598, 599, 600, 601, 602, 603, 604, 605, 606, 607, 608, 609, 610, 611, 612, 613, 614, 616, 617, 619, 620, 621, 623, 624, 625, 626, 628, 
629, 630, 631, 632, 633, 634, 635, 636, 637, 638, 639, 640, 641, 642, 644, 645, 646, 647, 648, 649, 650, 651, 652, 653, 654, 655, 656, 657, 658, 659, 660, 661, 662, 663, 664, 665, 666, 667, 668, 669, 670, 671, 672, 673, 675, 676, 677, 678, 679, 680, 681, 682, 683, 684, 685, 686, 687, 688, 689, 690, 691, 692, 693, 694, 695, 696, 697, 699, 700, 701, 702, 703, 704, 706, 707, 708, 709, 710, 711, 712, 713, 714, 715, 716, 717, 718, 719, 720, 721, 723, 724, 725, 726, 727, 728, 730, 731, 732, 733, 734, 735, 736, 737, 738, 739, 740, 741, 742, 743, 744, 745, 746, 748, 749, 750, 752, 754, 755, 756, 757, 758, 
759, 760, 761, 762, 763, 764, 765, 766, 767, 768, 769, 770, 771, 772, 773, 774, 775, 776, 777, 778, 779, 780, 781, 782, 784, 785, 786, 787, 788, 789, 790, 791, 792, 793, 794, 795, 796, 797, 798, 799, 800, 801, 802, 803, 804, 805, 806, 807, 809, 810, 811, 812, 813, 814, 815, 816, 817, 818, 819, 820, 821, 823, 824, 825, 826, 827, 828, 829, 830, 831, 832, 833, 834, 835, 836, 837, 838, 839, 841, 842, 843, 844, 845, 846, 847, 848, 849, 850, 851, 852, 853, 854, 855, 856, 857, 858, 859, 861, 862, 863, 864, 865, 866, 867, 868, 869, 870, 872, 873, 874, 875, 876, 877, 879, 880, 881, 882, 884, 886, 887, 888, 
889, 890, 891, 892, 893, 895, 896, 897, 898, 899, 900, 901, 902, 903, 904, 906, 907, 908, 909, 911, 912, 913, 914, 915, 916, 917, 918, 919, 920, 921, 922, 923, 924, 926, 927, 928, 929, 930, 931, 932, 933, 934, 935, 936, 937, 938, 939, 940, 941, 942, 943, 944, 945, 946, 947, 948, 949, 950, 951, 952, 953, 954, 955, 956, 957, 958, 959, 960, 961, 962, 963, 964, 965, 966, 967, 968, 970, 971, 972, 973, 975, 978, 979, 980, 982, 984, 986, 988, 989, 990, 991, 992, 993, 994, 995, 996, 997, 998, 999, 1000, 1001, 1002, 1003, 1004, 1005, 1006, 1007, 1008, 1009, 1010, 1011, 1012, 1013, 1015, 1017, 1018, 1020, 1021, 1022, 1023, 1024, 1025, 1026, 1028, 1029, 1030, 1031, 1032, 1033, 1034, 1035, 1036, 1037, 1038, 1040, 1042, 1043, 1044, 1045, 1046, 1047, 1048, 1049, 1050, 1051, 1052, 1053, 1054, 1055, 1056, 1057, 1058, 1059, 1060, 1061, 1063, 1064, 1065, 1066, 1067, 1068, 1069, 1070, 1071, 1072, 1073, 1074, 1075, 1077, 1078, 1079, 1080, 1081, 1082, 1083, 1085, 1087, 1089, 1090, 1091, 1092, 1093, 1094, 1095, 1096, 1098, 1099, 1100, 1102, 1104, 1106, 1107, 1108, 1109, 1110, 1111, 1112, 1113, 
1114, 1115, 1116, 1118, 1119, 1120, 1121, 1122, 1123, 1124, 1125, 1126, 1127, 1128, 1129, 1130, 1131, 1132, 1133, 1134, 1136, 1137, 1139, 1141, 1144, 1145, 1146, 1147, 1148, 1150, 1151, 1152, 1153, 1154, 1155, 1156, 1157, 1159, 1160, 1161, 1162, 1163, 1164, 1165, 1166, 1167, 1168, 1169, 1170, 1171, 1172, 1173, 1174, 1175, 1176, 1177, 1178, 1179, 1181, 1182, 1183, 1184, 1185, 1186, 1187, 1188, 1189, 1190, 1191, 1192, 1193, 1194, 1195, 1197, 1198, 1199, 1200, 1201, 1202, 1203, 1204, 1205, 1206, 1207, 1208, 1209, 1210, 1211, 1212, 1213, 1214, 1215, 1216, 1217, 1218, 1219, 1220, 1221, 1222, 1223, 1224, 1226, 1227, 1228, 1229, 1230, 1231, 1232, 1233, 1234, 1235, 1236, 1237, 1238, 1239, 1240, 1241, 1242, 1243, 1244, 1245, 
1246, 1247, 1248, 1249, 1250, 1251, 1252, 1253, 1254, 1256, 1258, 1259, 1260, 1261, 1262, 1263, 1264, 1265, 1266, 1267, 1268, 1269, 1270, 1271, 1272, 1273, 1274, 1275, 1276, 1277, 1278, 1280, 1281, 1282, 1283, 1284, 1285, 1286, 1287, 1288, 1289, 1290, 1291, 1292, 1293, 1294, 1295, 1296, 1297, 1298, 1299, 1300, 1301, 1302, 1303, 1304, 1305, 1306, 1307, 1308, 1309, 1310, 1311, 1312, 1313, 1314, 1315, 1316, 1317, 1318, 1319, 1320, 1321, 1322, 1323, 1324, 1326, 1327, 1328, 1329, 1330, 1331, 1333, 1334, 1335, 1336, 1337, 1338, 1339, 1340, 1341, 1342, 1343, 1345, 1346, 1347, 1348, 1349, 1352, 1354, 1355, 1356, 1357, 1358, 1359, 1361, 1363, 1364, 1366, 1368, 1370, 1371, 1372, 1373, 1374, 1375, 1376, 1377, 1378, 1379, 1380, 
1381, 1382, 1383, 1384, 1385, 1386, 1387, 1388, 1389, 1390, 1391, 1392, 1394, 1395, 1396, 1397, 1398, 1399, 1400, 1401, 1402, 1403, 1404, 1405, 1406, 1408, 1410, 1411, 1412, 1413, 1414, 1415, 1416, 1417, 1418, 1420, 1421, 1422, 1423, 1424, 1425, 1426, 1427, 1428, 1429, 1430, 1431, 1432, 1433, 1434, 1435, 1437, 1438, 1440, 1441, 1442, 1443, 1444, 1445, 1446, 1447, 1448, 1449, 1451, 1452, 1453, 1454, 1455, 1457, 1458, 1460, 1461, 1462, 1463, 1464, 1465, 1467, 1468, 1469, 1470, 1471, 1473, 1474, 1475, 1476, 1478, 1480, 1482, 1486, 1489, 1490, 1491, 1492, 1493, 1494, 1495, 1496, 1497, 1498, 1499, 1500, 1501, 1502, 1503, 1504, 1505, 1506, 1508, 1509, 1510, 1512, 1514, 1515, 1517, 1518, 1519, 1520, 1521, 1522, 1523, 1524, 
1525, 1526, 1527, 1528, 1529, 1530, 1531, 1533, 1534, 1535, 1537, 1538, 1539, 1540, 1542, 1544, 1545, 1546, 1548, 1549, 1550, 1552, 1553, 1554, 1555, 1556, 1557, 1558, 1559, 1560, 1562, 1563, 1564, 1565, 1566, 1567, 1569, 1571, 1573, 1574, 1577, 1579, 1580, 1581, 1582, 1583, 1584, 1586, 1587, 1588, 1590, 1592, 1593, 1595, 1596, 1597, 1598, 1600, 1601, 1603, 1605, 1607, 1609, 1611, 1612, 1613, 1614, 1615, 1616, 1617, 1619, 1620, 1621, 1622, 1623, 1624, 1625, 1626, 1627, 1629, 1631, 1634, 1637, 1638, 1639, 1640, 1641, 1642, 1643, 1645, 1646, 1647, 1650, 1652, 1653, 1654, 1655, 1656, 1658, 1661, 1662, 1663, 1664, 1666, 1668, 1670, 1671, 1672, 1673, 1675, 1677, 1678, 1679, 1680, 1681, 1682, 1683, 1684, 1686, 1687, 1688, 
1689, 1690, 1692, 1694, 1696, 1698, 1700, 1701, 1702, 1703, 1705, 1707, 1709, 1710, 1711, 1712, 1713, 1714, 1715, 1716, 1717, 1718, 1719, 1721, 1724, 1725, 1726, 1727, 1728, 1729, 1730, 1731, 1732, 1733, 1734, 1736, 1738, 1739, 1740, 1741, 1742, 1743, 1744, 1745, 1746, 1747, 1748, 1749, 1750, 1751, 1752, 1754, 1755, 1756, 1757, 1758, 1759, 1760, 1761, 1762, 1764, 1765, 1766, 1767, 1768, 1770, 1774, 1775, 1776, 1777, 1778, 1779, 1780, 1781, 1782, 1783, 1784, 1785, 1786, 1788, 1789, 1790, 1792, 1793, 1794, 1795, 1796, 1797, 1798, 1799, 1800, 1801, 1802, 1803, 1805, 1807, 1809, 1810, 1811, 1813, 1814, 1815, 1816, 1817, 1818, 1819, 1820, 1821, 1823, 1826, 1828, 1830, 1831, 1833, 1834, 1835, 1836, 1837, 1838, 1839, 1840, 
1841, 1842, 1844, 1846, 1847, 1848, 1849, 1850, 1851, 1852, 1854, 1856, 1857, 1858, 1859, 1860, 1861, 1862, 1863, 1864, 1865, 1867, 1868, 1869, 1871, 1872, 1874, 1875, 1877, 1880, 1881, 1882, 1883, 1884, 1885, 1886, 1887, 1888, 1889, 1891, 1893, 1896, 1898, 1899, 1900, 1901, 1903, 1905, 1906, 1908, 1909, 1910, 1911, 1912, 1913, 1914, 1915, 1916, 1920, 1923, 1925, 1928, 1929, 1930, 1931, 1932, 1933, 1935, 1937, 1938, 1939, 1940, 1941, 1942, 1943, 1946, 1948, 1950, 1951, 1952, 1954, 1955, 1956, 1957, 1958, 1959, 1960, 1963, 1966, 1969, 1970, 1971, 1973, 1974, 1975, 1977, 1979, 1981, 1982, 1984, 1986, 1989, 1991, 1992, 1993, 1994, 1997, 2000, 2001, 2002, 2004, 2006, 2007, 2009, 2010, 2011, 2012, 2014, 2015, 2016, 2017, 
2018, 2019, 2020, 2021, 2022, 2023, 2024, 2026, 2028, 2029, 2030, 2031, 2032, 2033, 2034, 2035, 2037, 2040, 2042, 2044, 2045, 2047, 2048, 2051, 2053, 2056, 2060, 2063, 2065, 2066, 2067, 2069, 2070, 2071, 2073, 2075, 2076, 2077, 2078, 2079, 2081, 2083, 2084, 2086, 2088, 2089, 2091, 2093, 2094, 2095, 2100, 2105, 2106, 2107, 2108, 2109, 2110, 2111, 2114, 2117, 2118, 2120, 2122, 2126, 2130, 2132, 2134, 2136, 2138, 2139, 2141, 2143, 2145, 2147, 2150, 2153, 2156, 2157, 2160, 2163, 2166, 2168, 2169, 2170, 2171, 2174, 2178, 2179, 2181, 2183, 2184, 2185, 2186, 2187, 2188, 2189, 2191, 2192, 2193, 2194, 2196, 2197, 2198, 2199, 2200, 2201, 2202, 2203, 2204, 2206, 2208, 2209, 2211, 2212, 2213, 2215, 2216, 2218, 2220, 2223, 2225, 
2227, 2229, 2230, 2232, 2234, 2235, 2236, 2238, 2239, 2241, 2244, 2245, 2246, 2248, 2249, 2250, 2252, 2255, 2258, 2261, 2263, 2264, 2265, 2268, 2272, 2273, 2274, 2275, 2276, 2277, 2278, 2280, 2282, 2283, 2285, 2287, 2289, 2290, 2291, 2293, 2294, 2297, 2298, 2300, 2301, 2302, 2305, 2309, 2311, 2313, 2315, 2316, 2318, 2320, 2321, 2323, 2325, 2328, 2332, 2333, 2334, 2336, 2337, 2338, 2340, 2341, 2343, 2344, 2345, 2346, 2347, 2348, 2349, 2350, 2351, 2353, 2355, 2357, 2359, 2361, 2363, 2364, 2366, 2368, 2369, 2372, 2375, 2377, 2380, 2382, 2383, 2385, 2387, 2389, 2390, 2391, 2393, 2395, 2397, 2399, 2402, 2404, 2405, 2406, 2408, 2411, 2413, 2415, 2416, 2417, 2419, 2420, 2421, 2422, 2423, 2424, 2426, 2427, 2428, 2430, 2431, 
2432, 2433, 2434, 2436, 2439, 2440, 2442, 2443, 2445, 2447, 2448, 2450, 2453, 2454, 2457, 2459, 2460, 2461, 2462, 2464, 2467, 2468, 2470, 2471, 2472, 2474, 2477, 2479, 2481, 2483, 2487, 2491, 2493, 2494, 2495, 2496, 2497, 2498, 2504, 2509, 2510, 2511, 2512, 2514, 2515, 2519, 2523, 2527, 2530, 2531, 2533, 2536, 2537, 2538, 2539, 2540, 2541, 2544, 2545, 2546, 2547, 2548, 2550, 2551, 2553, 2554, 2555, 2558, 2562, 2564, 2565, 2566, 2567, 2568, 2569, 2570, 2571, 2574, 2575, 2576, 2580, 2584, 2585, 2586, 2588, 2592, 2595, 2596, 2598, 2599, 2601, 2603, 2605, 2606, 2609, 2612, 2613, 2616, 2618, 2619, 2620, 2622, 2623, 2624, 2625, 2626, 2627, 2630, 2633, 2634, 2635, 2637, 2639, 2641, 2644, 2647, 2648, 2650, 2651, 2652, 2653, 
2654, 2655, 2656, 2657, 2658, 2659, 2660, 2662, 2664, 2665, 2668, 2671, 2673, 2676, 2679, 2680, 2682, 2683, 2684, 2685, 2687, 2688, 2689, 2691, 2694, 2696, 2697, 2703, 2709, 2712, 2715, 2717, 2718, 2720, 2722, 2723, 2724, 2725, 2727, 2728, 2729, 2730, 2734, 2740, 2744, 2745, 2746, 2747, 2749, 2752, 2753, 2754, 2756, 2758, 2760, 2762, 2763, 2764, 2767, 2768, 2771, 2774, 2777, 2780, 2781, 2782, 2786, 2790, 2791, 2792, 2794, 2796, 2797, 2799, 2801, 2803, 2805, 2807, 2808, 2810, 2812, 2814, 2815, 2818, 2821, 2826, 2831, 2834, 2835, 2837, 2838, 2839, 2840, 2843, 2846, 2847, 2850, 2853, 2854, 2856, 2859, 2862, 2864, 2867, 2868, 2869, 2870, 2872, 2874, 2875, 2877, 2878, 2879, 2881, 2883, 2886, 2889, 2892, 2893, 2895, 2896, 
2897, 2898, 2900, 2904, 2907, 2909, 2910, 2911, 2914, 2917, 2918, 2920, 2922, 2926, 2929, 2930, 2932, 2933, 2934, 2935, 2936, 2938, 2944, 2950, 2953, 2956, 2959, 2960, 2961, 2963, 2964, 2965, 2966, 2967, 2968, 2970, 2971, 2973, 2975, 2977, 2978, 2979, 2981, 2983, 2984, 2987, 2992, 2996, 2997, 2999, 3000, 3002, 3003, 3004, 3006, 3007, 3008, 3009, 3010, 3012, 3013, 3015, 3016, 3018, 3019, 3020, 3021, 3022, 3023, 3024, 3025, 3027, 3028, 3029, 3032, 3035, 3036, 3037, 3040, 3042, 3043, 3044, 3045, 3046, 3048, 3051, 3054, 3056, 3058, 3060, 3064, 3066, 3067, 3069, 3073, 3077, 3080, 3083, 3085, 3086, 3088, 3089, 3090, 3091, 3092, 3093, 3094, 3095, 3096, 3097, 3100, 3104, 3106, 3108, 3110, 3111, 3114, 3118, 3120, 3121, 3123, 
3125, 3126, 3127, 3130, 3131, 3132, 3133, 3137, 3140, 3142, 3144, 3145, 3146, 3147, 3150, 3154, 3158, 3160, 3161, 3162, 3164, 3166, 3167, 3168, 3169, 3170, 3171, 3172, 3174, 3176, 3178, 3181, 3182, 3183, 3185, 3186, 3187, 3188, 3190, 3193, 3197, 3198, 3200, 3202, 3204, 3205, 3206, 3208, 3209, 3210, 3211, 3212, 3215, 3217, 3218, 3220, 3225, 3229, 3230, 3232, 3233, 3235, 3236, 3237, 3240, 3242, 3243, 3245, 3247, 3248, 3249, 3250, 3251, 3253, 3254, 3257, 3261, 3263, 3264, 3265, 3267, 3269, 3271, 3273, 3274, 3278, 3282, 3287, 3294, 3299, 3302, 3304, 3308, 3311, 3313, 3315, 3318, 3320, 3321, 3323, 3326, 3328, 3332, 3334, 3337, 3339, 3341, 3342, 3343, 3345, 3347, 3348, 3350, 3352, 3354, 3356, 3358, 3359, 3362, 3364, 3365, 
3367, 3369, 3370, 3371, 3372, 3374, 3376, 3378, 3380, 3383, 3386, 3392, 3397, 3399, 3401, 3406, 3409, 3410, 3411, 3413, 3414, 3416, 3417, 3418, 3419, 3420, 3422, 3424, 3428, 3432, 3434, 3435, 3436, 3437, 3438, 3439, 3441, 3442, 3443, 3447, 3451, 3453, 3456, 3457, 3459, 3460, 3461, 3463, 3465, 3466, 3468, 3470, 3471, 3472, 3473, 3474, 3475, 3476, 3478, 3479, 3480, 3481, 3483, 3485, 3487, 3488, 3489, 3493, 3499, 3504, 3507, 3509, 3511, 3512, 3514, 3516, 3519, 3521, 3522, 3524, 3527, 3528, 3530, 3532, 3533, 3536, 3539, 3540, 3541, 3543, 3545, 3546, 3548, 3550, 3553, 3556, 3559, 3561, 3563, 3564, 3566, 3569, 3573, 3576, 3579, 3580, 3581, 3582, 3584, 3587, 3589, 3590, 3592, 3595, 3599, 3602, 3604, 3605, 3606, 3611, 3615, 
3616, 3617, 3621, 3624, 3625, 3626, 3628, 3630, 3633, 3634, 3636, 3639, 3640, 3643, 3645, 3646, 3648, 3649, 3651, 3653, 3654, 3655, 3659, 3663, 3668, 3671, 3673, 3674, 3676, 3680, 3683, 3685, 3686, 3687, 3688, 3689, 3692, 3693, 3694, 3699, 3705, 3707, 3708, 3711, 3714, 3718, 3721, 3722, 3724, 3725, 3727, 3729, 3732, 3734, 3737, 3740, 3742, 3747, 3752, 3753, 3755, 3756, 3757, 3760, 3763, 3765, 3766, 3768, 3769, 3770, 3772, 3774, 3776, 3777, 3778, 3780, 3783, 3786, 3790, 3793, 3794, 3798, 3801, 3803, 3805, 3807, 3808, 3809, 3810, 3813, 3818, 3823, 3825, 3826, 3828, 3831, 3834, 3835, 3837, 3838, 3840, 3844, 3845, 3846, 3847, 3848, 3850, 3854, 3856, 3857, 3859, 3862, 3864, 3865, 3867, 3870, 3871, 3872, 3874, 3875, 3876, 
3877, 3879, 3881, 3882, 3884, 3886, 3887, 3888, 3891, 3894, 3897, 3900, 3901, 3902, 3904, 3909, 3913, 3914, 3917, 3920, 3921, 3922, 3926, 3929, 3930, 3934, 3939, 3942, 3943, 3945, 3947, 3948, 3950, 3951, 3952, 3953, 3955, 3957, 3958, 3959, 3962, 3965, 3967, 3969, 3971, 3972, 3973, 3974, 3975, 3979, 3984, 3986, 3989, 3990, 3992, 3994, 3995, 3999, 4003, 4006, 4011, 4013, 4014, 4015, 4016, 4017, 4018, 4021, 4024, 4025, 4026, 4028, 4032, 4036, 4037, 4039, 4040, 4041, 4042, 4043, 4047, 4050, 4053, 4054, 4056, 4058, 4059, 4060, 4061, 4062, 4064, 4066, 4068, 4070, 4075, 4081, 4085, 4086, 4087, 4091, 4094, 4096, 4100, 4105, 4107, 4108, 4110, 4112, 4113, 4114, 4116, 4118, 4121, 4122, 4123, 4125, 4126, 4128, 4131, 4132, 4134, 
4135, 4136, 4137, 4138, 4139, 4142, 4144, 4145, 4147, 4152, 4154, 4155, 4156, 4157, 4158, 4160, 4163, 4165, 4170, 4175, 4177, 4178, 4179, 4182, 4187, 4188, 4189, 4190, 4191, 4192, 4194, 4197, 4205, 4210, 4212, 4213, 4214, 4216, 4219, 4221, 4223, 4225, 4227, 4229, 4232, 4234, 4235, 4237, 4240, 4243, 4247, 4252, 4254, 4257, 4260, 4262, 4263, 4264, 4265, 4266, 4270, 4274, 4279, 4283, 4284, 4285, 4286, 4291, 4296, 4297, 4298, 4299, 4300, 4302, 4303, 4304, 4305, 4307, 4308, 4309, 4311, 4314, 4317, 4320, 4323, 4324, 4326, 4327, 4329, 4333, 4336, 4341, 4345, 4347, 4348, 4349, 4352, 4358, 4361, 4363, 4365, 4368, 4369, 4370, 4372, 4375, 4377, 4378, 4381, 4385, 4387, 4389, 4390, 4391, 4395, 4398, 4400, 4404, 4411, 4415, 4418, 
4422, 4423, 4426, 4428, 4430, 4435, 4440, 4443, 4444, 4446, 4447, 4448, 4449, 4450, 4452, 4453, 4455, 4456, 4457, 4458, 4459, 4460, 4463, 4466, 4471, 4473, 4474, 4477, 4479, 4480, 4482, 4484, 4485, 4490, 4493, 4495, 4500, 4504, 4506, 4507, 4509, 4510, 4511, 4513, 4514, 4516, 4518, 4519, 4521, 4523, 4524, 4526, 4527, 4530, 4533, 4534, 4535, 4537, 4539, 4540, 4541, 4542, 4543, 4544, 4546, 4548, 4549, 4550, 4553, 4555, 4556, 4560, 4563, 4565, 4570, 4575, 4577, 4582, 4588, 4590, 4592, 4594, 4597, 4599, 4600, 4607, 4614, 4615, 4616, 4617, 4619, 4624, 4627, 4629, 4630, 4633, 4636, 4640, 4646, 4652, 4653, 4655, 4660, 4663, 4664, 4665, 4668, 4670, 4671, 4673, 4674, 4675, 4676, 4678, 4680, 4683, 4684, 4686, 4688, 4689, 4690, 
4691, 4692, 4693, 4695, 4702, 4707, 4710, 4715, 4719, 4724, 4729, 4730, 4731, 4732, 4734, 4735, 4736, 4738, 4739, 4740, 4742, 4745, 4746, 4747, 4748, 4750, 4752, 4754, 4756, 4759, 4760, 4762, 4764, 4772, 4781, 4783, 4785, 4786, 4789, 4796, 4799, 4802, 4804, 4805, 4806, 4807, 4808, 4810, 4812, 4814, 4817, 4819, 4820, 4821, 4823, 4826, 4829, 4832, 4835, 4838, 4842, 4846, 4847, 4848, 4851, 4854, 4857, 4858, 4859, 4860, 4861, 4863, 4865, 4868, 4869, 4870, 4871, 4872, 4873, 4874, 4878, 4883, 4885, 4887, 4888, 4889, 4891, 4893, 4895, 4898, 4901, 4902, 4903, 4904, 4905, 4907, 4909, 4911, 4912, 4914, 4915, 4916, 4917, 4918, 4920, 4921, 4923, 4927, 4930, 4932, 4935, 4940, 4943, 4946, 4947, 4948, 4951, 4953, 4956, 4959, 4962, 
4964, 4965, 4966, 4970, 4972, 4974, 4976, 4979, 4981, 4982, 4983, 4985, 4988, 4990, 4992, 4994, 4996, 4998, 5000, 5005, 5011, 5012, 5014, 5016, 5017, 5020, 5024, 5025, 5027, 5029, 5030, 5031, 5032, 5033, 5035, 5036, 5037, 5038, 5039, 5041, 5042, 5044, 5052, 5060, 5062, 5064, 5066, 5067, 5068, 5070, 5071, 5072, 5077, 5083, 5084, 5086, 5093, 5100, 5109, 5117, 5120, 5121, 5123, 5124, 5125, 5126, 5128, 5129, 5132, 5135, 5136, 5138, 5144, 5150, 5152, 5154, 5158, 5163, 5164, 5165, 5167, 5171, 5174, 5180, 5187, 5191, 5193, 5195, 5197, 5200, 5203, 5209, 5213, 5215, 5217, 5220, 5222, 5223, 5224, 5227, 5229, 5230, 5231, 5232, 5233, 5234, 5235, 5236, 5238, 5240, 5243, 5248, 5252, 5259, 5264, 5265, 5268, 5273, 5275, 5277, 5281, 
5286, 5289, 5290, 5291, 5293, 5294, 5295, 5297, 5300, 5303, 5306, 5309, 5310, 5313, 5315, 5316, 5319, 5322, 5325, 5328, 5329, 5331, 5334, 5339, 5344, 5348, 5352, 5357, 5359, 5362, 5368, 5374, 5375, 5377, 5382, 5387, 5392, 5397, 5400, 5403, 5407, 5410, 5411, 5416, 5422, 5425, 5426, 5428, 5430, 5431, 5432, 5433, 5435, 5436, 5437, 5438, 5439, 5441, 5442, 5444, 5447, 5449, 5452, 5456, 5459, 5460, 5463, 5466, 5468, 5470, 5473, 5478, 5480, 5482, 5484, 5486, 5491, 5496, 5497, 5498, 5499, 5501, 5505, 5508, 5509, 5511, 5513, 5515, 5519, 5524, 5527, 5532, 5536, 5537, 5538, 5540, 5545, 5549, 5550, 5551, 5552, 5554, 5557, 5561, 5564, 5565, 5566, 5567, 5571, 5574, 5575, 5578, 5580, 5583, 5585, 5587, 5589, 5591, 5594, 5596, 5597, 
5598, 5599, 5600, 5601, 5605, 5608, 5609, 5610, 5611, 5613, 5616, 5617, 5618, 5620, 5622, 5624, 5625, 5627, 5629, 5631, 5635, 5638, 5641, 5644, 5646, 5647, 5651, 5656, 5659, 5661, 5665, 5671, 5674, 5676, 5678, 5681, 5682, 5684, 5686, 5687, 5688, 5690, 5694, 5699, 5703, 5704, 5705, 5706, 5707, 5709, 5712, 5714, 5716, 5718, 5719, 5720, 5724, 5727, 5728, 5729, 5730, 5731, 5732, 5735, 5740, 5742, 5743, 5745, 5746, 5748, 5749, 5751, 5754, 5756, 5758, 5761, 5763, 5764, 5767, 5769, 5772, 5775, 5778, 5780, 5782, 5784, 5785, 5788, 5791, 5793, 5794, 5796, 5804, 5810, 5811, 5812, 5813, 5816, 5817, 5820, 5823, 5825, 5826, 5828, 5831, 5832, 5834, 5837, 5840, 5843, 5845, 5847, 5854, 5861, 5864, 5868, 5871, 5876, 5880, 5883, 5884, 
5886, 5888, 5891, 5893, 5894, 5896, 5898, 5899, 5901, 5908, 5914, 5915, 5916, 5917, 5918, 5919, 5920, 5922, 5925, 5927, 5930, 5931, 5933, 5935, 5938, 5940, 5942, 5946, 5949, 5951, 5954, 5957, 5958, 5959, 5960, 5962, 5964, 5967, 5968, 5969, 5970, 5972, 5975, 5978, 5980, 5981, 5983, 5985, 5986, 5988, 5994, 5998, 5999, 6000, 6003, 6007, 6012, 6016, 6017, 6018, 6019, 6024, 6028, 6029, 6031, 6033, 6034, 6036, 6039, 6041, 6044, 6046, 6047, 6050, 6053, 6055, 6056, 6057, 6062, 6065, 6066, 6068, 6072, 6076, 6078, 6080, 6082, 6088, 6093, 6095, 6096, 6103, 6109, 6110, 6114, 6122, 6125, 6126, 6128, 6129, 6130, 6131, 6134, 6138, 6140, 6141, 6142, 6143, 6144, 6145, 6147, 6150, 6152, 6153, 6154, 6156, 6159, 6163, 6167, 6171, 6174, 
6177, 6182, 6185, 6189, 6198, 6203, 6210, 6216, 6219, 6221, 6223, 6224, 6225, 6226, 6228, 6233, 6236, 6238, 6240, 6247, 6252, 6253, 6254, 6255, 6260, 6268, 6277, 6282, 6285, 6287, 6290, 6292, 6293, 6295, 6297, 6298, 6300, 6301, 6302, 6304, 6308, 6310, 6311, 6312, 6313, 6315, 6319, 6323, 6326, 6329, 6331, 6333, 6336, 6339, 6340, 6342, 6345, 6349, 6351, 6357, 6362, 6364, 6366, 6367, 6368, 6371, 6374, 6375, 6376, 6379, 6382, 6383, 6384, 6387, 6390, 6393, 6395, 6397, 6399, 6402, 6404, 6408, 6412, 6415, 6417, 6420, 6423, 6424, 6425, 6427, 6429, 6430, 6433, 6437, 6440, 6441, 6442, 6446, 6448, 6449, 6453, 6458, 6461, 6464, 6466, 6469, 6470, 6473, 6474, 6476, 6480, 6484, 6491, 6498, 6502, 6504, 6508, 6510, 6511, 6515, 6519, 
6520, 6521, 6524, 6527, 6532, 6537, 6543, 6548, 6549, 6552, 6556, 6559, 6562, 6563, 6564, 6566, 6570, 6575, 6578, 6580, 6583, 6585, 6586, 6587, 6589, 6590, 6592, 6595, 6596, 6600, 6602, 6603, 6604, 6609, 6614, 6615, 6623, 6632, 6635, 6638, 6639, 6642, 6647, 6653, 6661, 6668, 6669, 6670, 6673, 6679, 6685, 6687, 6688, 6689, 6691, 6694, 6697, 6698, 6701, 6704, 6706, 6708, 6711, 6714, 6717, 6718, 6720, 6723, 6725, 6729, 6733, 6734, 6738, 6742, 6743, 6744, 6745, 6749, 6752, 6756, 6762, 6767, 6768, 6770, 6774, 6779, 6781, 6784, 6786, 6789, 6793, 6803, 6814, 6818, 6820, 6822, 6824, 6826, 6833, 6839, 6841, 6842, 6843, 6846, 6849, 6850, 6854, 6856, 6857, 6858, 6859, 6860, 6865, 6870, 6871, 6872, 6874, 6875, 6878, 6883, 6886, 
6888, 6889, 6890, 6891, 6893, 6899, 6906, 6911, 6913, 6918, 6923, 6927, 6933, 6937, 6939, 6942, 6947, 6952, 6953, 6958, 6969, 6976, 6978, 6980, 6981, 6984, 6987, 6989, 6990, 6991, 6992, 6994, 6996, 6998, 7000, 7005, 7007, 7008, 7012, 7022, 7029, 7030, 7031, 7033, 7037, 7039, 7040, 7044, 7048, 7049, 7050, 7052, 7057, 7065, 7069, 7071, 7075, 7079, 7082, 7084, 7092, 7100, 7102, 7105, 7107, 7109, 7111, 7112, 7114, 7116, 7124, 7130, 7132, 7133, 7136, 7140, 7145, 7152, 7157, 7159, 7163, 7169, 7172, 7174, 7178, 7181, 7185, 7191, 7202, 7209, 7212, 7217, 7221, 7225, 7231, 7236, 7239, 7242, 7245, 7246, 7248, 7250, 7251, 7256, 7261, 7264, 7273, 7280, 7282, 7284, 7287, 7290, 7294, 7298, 7301, 7306, 7313, 7317, 7319, 7320, 7321, 
92, 7500, 7509, 7511, 7514, 7519, 7526, 7531, 7533, 7536, 7539, 7543, 7544, 7546, 7548, 7549, 7551, 7553, 7554, 7555, 7558, 7562, 7566, 7571, 7577, 7579, 7585, 7599, 7609, 7610, 7611, 7613, 7619, 7623, 7627, 7632, 7634, 7646, 7657, 7660, 7663, 7670, 7675, 7678, 7684, 7689, 7690, 7699, 7709, 7711, 7712, 7714, 7717, 7721, 7723, 7725, 7729, 7735, 7742, 7747, 7750, 7751, 7752, 7755, 7763, 7770, 7778, 7786, 7792, 7800, 7805, 7806, 7823, 7840, 7841, 7842, 7844, 7847, 7849, 7851, 7853, 
7854, 7855, 7859, 7865, 7872, 7876, 7879, 7880, 7881, 7882, 7884, 7891, 7896, 7901, 7912, 7920, 7921, 7926, 7931, 7935, 7940, 7942, 7948, 7957, 7964, 7966, 7967, 7975, 7983, 7985, 7986, 7988, 7991, 7996, 8001, 8008, 8013, 8015, 8019, 8027, 8034, 8038, 8044, 8052, 8058, 8060, 8063, 8068, 8073, 8076, 8082, 8089, 8096, 8100, 8105, 8117, 8125, 8127, 8128, 8140, 8158, 8164, 8165, 8171, 8179, 8182, 8187, 8194, 8208, 8230, 8242, 8246, 8249, 8263, 8283, 8293, 8301, 8307, 8309, 8310, 8311, 8312, 8315, 8324, 8332, 8333, 8335, 8343, 8349, 8362, 8387, 8402, 8404, 8414, 8425, 8430, 8439, 8450, 8462, 8472, 8477, 8487, 8513, 8536, 8545, 8555, 8579, 8632, 8671, 8678, 8690]
FINAL SPLIT:  348
PS C:\Users\Zahin\Documents\L-4 T-2\CSE 472 Machine Learning\Offline 1> & C:/Users/Zahin/Anaconda3/python.exe "c:/Users/Zahin/Documents/L-4 T-2/CSE 472 Machine Learning/Offline 1/DecisionTree.py"
(5634, 20) (5634,)
(1409, 20) (1409,)
ROUND:  5
=============TRAIN ACCURACY=======================
5 5
5634
Total:  5634
Accuracy:  0.789847355342563
True Positive:  614
True Negative:  3836
False Positive:  310
False Negative:  874
=============TEST ACCURACY=======================
5 5
1409
Total:  1409
Accuracy:  0.7906316536550745
True Positive:  158
True Negative:  956
False Positive:  72
False Negative:  223
ROUND:  10
=============TRAIN ACCURACY=======================
10 10
5634
Total:  5634
Accuracy:  0.7953496627618033
True Positive:  690
True Negative:  3791
False Positive:  355
False Negative:  798
=============TEST ACCURACY=======================
10 10
1409
Total:  1409
Accuracy:  0.7913413768630234
True Positive:  171
True Negative:  944
False Positive:  84
False Negative:  210
ROUND:  15
=============TRAIN ACCURACY=======================
15 15
5634
Total:  5634
Accuracy:  0.7981895633652822
True Positive:  750
True Negative:  3747
False Positive:  399
False Negative:  738
=============TEST ACCURACY=======================
15 15
1409
Total:  1409
Accuracy:  0.7970191625266146
True Positive:  187
True Negative:  936
False Positive:  92
False Negative:  194
ROUND:  20
=============TRAIN ACCURACY=======================
20 20
5634
Total:  5634
Accuracy:  0.7987220447284346
True Positive:  767
True Negative:  3733
False Positive:  413
False Negative:  721
=============TEST ACCURACY=======================
20 20
1409
Total:  1409
Accuracy:  0.8041163946061036
True Positive:  200
True Negative:  933
False Positive:  95
False Negative:  181
==========DECISION TREE VERSION============================
=================TEST ACCURACY=======================
1409
Total:  1409
Accuracy:  0.7317246273953159
True Positive:  207
True Negative:  824
False Positive:  204
False Negative:  174
Recall:  0.5433070866141733
Specificity:  0.8015564202334631
Precision:  0.5036496350364964
False Discovery Rate:  0.49635036496350365
F1 Score:  0.5227272727272728
=================TRAIN ACCURACY=======================
5634
Total:  5634
Accuracy:  0.946751863684771
=================TRAIN ACCURACY=======================
5634
Total:  5634
Accuracy:  0.946751863684771
True Positive:  1397
True Positive:  1397
True Negative:  3937
False Positive:  209
False Negative:  91
Recall:  0.9388440860215054
Specificity:  0.9495899662325132
Precision:  0.8698630136986302
False Discovery Rate:  0.13013698630136986
F1 Score:  0.903038138332256