, 6842.299999999999, 6843.825, 6846.95, 6849.575, 6850.7, 6854.049999999999, 6856.7, 6857.924999999999, 6858.975, 6859.275, 6860.05, 6865.15, 6870.7, 6871.799999999999, 6872.825, 6874.55, 6875.700000000001, 6878.450000000001, 6883.3, 6886.0, 
6888.025, 6889.9, 6890.7, 6891.424999999999, 6893.475, 6899.3, 6906.700000000001, 6911.5, 6913.825, 6918.325, 6923.799999999999, 6927.65, 6933.125, 6937.4, 6939.575, 6942.85, 6947.825, 6952.275, 6953.775, 6958.5, 6969.05, 6976.0, 6978.275, 6980.575000000001, 6981.925, 6984.075, 6987.549999999999, 6989.575, 6990.65, 6991.75, 6992.775, 6994.125, 6994.700000000001, 6996.05, 6998.125, 7000.95, 7005.275, 7007.875, 7008.825, 7012.7, 7022.2, 7029.575, 7030.975, 7031.375, 7033.525, 7037.325000000001, 7039.25, 7040.15, 7044.175, 7048.5, 7049.625, 7050.85, 7052.65, 7057.5, 7065.45, 7069.275, 7071.85, 7075.375, 7079.4, 7082.475, 7082.675, 7084.175, 7092.25, 7100.25, 7102.85, 7105.6, 7107.6, 7109.475, 7111.025, 7111.725, 7112.95, 7114.0, 7116.575, 7124.174999999999, 7130.799999999999, 7132.625, 7133.175, 7133.35, 7136.049999999999, 7140.575, 7145.925, 7152.775, 7157.625, 7159.375, 7163.975, 7169.975, 7172.424999999999, 7174.85, 7178.9, 7181.6, 7185.225, 7191.925, 7202.175, 7209.925, 7212.3, 7217.05, 7221.55, 7225.1, 7231.125, 7236.700000000001, 7239.625, 7242.674999999999, 7245.299999999999, 7246.025, 7248.15, 7250.924999999999, 7251.799999999999, 7256.575, 7261.5, 7261.875, 7264.475, 7273.15, 7280.475, 7282.425, 7284.475, 7287.049999999999, 7290.075, 7294.75, 7298.7, 7301.35, 7306.0, 7313.025, 7317.65, 7319.549999999999, 7320.975, 7321.775, 7322.825, 7324.125, 7328.75, 7333.225, 7335.8, 7341.0, 7345.325, 7347.5, 7349.075000000001, 7356.125, 7364.1, 7365.5, 7369.174999999999, 7376.225, 7381.025, 7382.55, 7383.275, 7384.875, 7387.25, 7392.299999999999, 7396.575, 7401.25, 7408.875, 7412.9, 7417.825000000001, 7426.425, 7431.4, 7439.475, 7447.299999999999, 7451.575, 7457.225, 7459.025, 7463.275, 7467.525, 7468.825000000001, 7471.125, 7473.625, 7475.475, 7478.975, 7486.925, 7492.4, 7500.8, 7509.925, 7511.475, 7511.775, 7514.799999999999, 7519.825, 7526.375, 7531.475, 7533.4, 7536.075, 7539.875, 7543.125, 7544.15, 7546.200000000001, 7548.35, 7549.450000000001, 7551.950000000001, 7553.825000000001, 7554.525, 7555.95, 7558.225, 7562.450000000001, 7566.275, 7571.95, 7577.375, 7579.775, 7585.65, 7599.775, 7609.925, 7610.825000000001, 7611.700000000001, 7613.925, 7619.6, 7623.7, 7627.025, 7632.05, 7634.525, 7646.1, 7657.85, 7660.05, 7663.8, 7670.175, 7675.975, 7678.525, 7684.725, 7689.875, 7690.424999999999, 7699.299999999999, 7709.475, 7711.35, 7712.5, 7714.1, 7717.075, 7721.6, 7723.799999999999, 7725.125, 7729.5, 7735.1, 7742.125, 7747.725, 7750.225, 7751.875, 7752.175, 7755.6, 7763.075, 7770.65, 7778.450000000001, 7786.225, 7792.775, 7800.049999999999, 7805.325, 7806.55, 7823.225, 7840.225, 7841.450000000001, 7842.925, 7844.675, 7847.15, 7849.175, 7851.125, 7853.049999999999, 7853.924999999999, 7854.525, 7855.45, 7859.125, 7865.65, 7872.025, 7876.65, 7879.275, 7880.725, 7881.725, 7882.375, 7884.875, 7891.2, 7896.799999999999, 7901.35, 7912.025, 7920.25, 7921.725, 7926.65, 7931.525, 7935.875, 7940.7, 7942.799999999999, 7948.35, 7957.725, 7964.075, 7966.424999999999, 7967.875, 7975.675, 7983.325, 7985.025, 7986.75, 7988.825000000001, 7991.675, 7996.05, 8001.3, 8008.275, 8013.15, 8015.075000000001, 8019.725, 8027.975, 8034.525, 8038.799999999999, 8044.25, 8052.700000000001, 8058.700000000001, 8060.175, 8063.575, 8068.35, 8073.200000000001, 8076.725, 8082.25, 8089.775, 8096.7, 8100.4, 8105.175, 8117.0, 8125.424999999999, 8127.125, 8128.450000000001, 
8140.8, 8158.200000000001, 8164.6, 8165.950000000001, 8171.35, 8179.325, 8182.8, 8187.725, 8194.5, 8208.4, 8230.625, 8242.575, 8246.4, 8249.25, 8263.525, 8283.125, 8293.35, 8301.775, 8307.474999999999, 8309.224999999999, 8310.05, 8311.474999999999, 8312.575, 8315.35, 8324.95, 8332.05, 8333.05, 8335.7, 8343.45, 8349.575, 8362.375, 8387.099999999999, 8402.025, 8404.95, 8414.95, 8425.025, 8425.224999999999, 8430.775, 8439.975, 8450.225, 8462.475, 8472.35, 8477.05, 8477.650000000001, 8487.2, 8513.1, 8536.375, 8545.2, 8555.95, 8579.575, 8632.25, 8671.275000000001, 8678.625, 8690.974999999999]
FINAL SPLIT:  347.9
PS C:\Users\Zahin\Documents\L-4 T-2\CSE 472 Machine Learning\Offline 1> & C:/Users/Zahin/Anaconda3/python.exe "c:/Users/Zahin/Documents/L-4 T-2/CSE 472 Machine Learning/Offline 1/DecisionTree.py"
(5634, 20) (5634,)
(1409, 20) (1409,)
ROUND:  5
=============TRAIN ACCURACY=======================
5 5
5634
Total:  5634
Accuracy:  0.7909123180688676
True Positive:  602
True Negative:  3854
False Positive:  292
False Negative:  886
=============TEST ACCURACY=======================
5 5
1409
Total:  1409
Accuracy:  0.794180269694819
True Positive:  155
True Negative:  964
False Positive:  64
False Negative:  226
ROUND:  10
=============TRAIN ACCURACY=======================
10 10
5634
Total:  5634
Accuracy:  0.7958821441249556
True Positive:  762
True Negative:  3722
False Positive:  424
False Negative:  726
=============TEST ACCURACY=======================
10 10
1409
Total:  1409
Accuracy:  0.7913413768630234
True Positive:  186
True Negative:  929
False Positive:  99
False Negative:  195
ROUND:  15
=============TRAIN ACCURACY=======================
15 15
5634
Total:  5634
Accuracy:  0.8012069577564785
True Positive:  803
True Negative:  3711
False Positive:  435
False Negative:  685
=============TEST ACCURACY=======================
15 15
1409
Total:  1409
Accuracy:  0.7970191625266146
True Positive:  201
True Negative:  922
False Positive:  106
False Negative:  180
ROUND:  20
=============TRAIN ACCURACY=======================
20 20
5634
Total:  5634
Accuracy:  0.8015619453319134
True Positive:  759
True Negative:  3757
False Positive:  389
False Negative:  729
=============TEST ACCURACY=======================
20 20
1409
Total:  1409
Accuracy:  0.801277501774308
True Positive:  191
True Negative:  938
False Positive:  90
False Negative:  190
==========DECISION TREE VERSION============================
=================TEST ACCURACY=======================
1409
Total:  1409
Accuracy:  0.7388218594748048
True Positive:  216
True Negative:  825
False Positive:  203
False Negative:  165
Recall:  0.5669291338582677
Specificity:  0.8025291828793775
Precision:  0.5155131264916468
False Discovery Rate:  0.48448687350835323
F1 Score:  0.54
=================TRAIN ACCURACY=======================
5634
Total:  5634
Accuracy:  0.9463968761093362
True Positive:  1397
True Negative:  3935
False Positive:  211
False Negative:  91
Recall:  0.9388440860215054
Specificity:  0.9491075735648818
Precision:  0.8687810945273632
False Discovery Rate:  0.13121890547263682
F1 Score:  0.9024547803617571